,0,1,2,3,4,5,6,7,8,9,10,11,12,13,14,15,16,17,18,19,20,21,22,23,24,25,26,27,28,29,30,31,32,33,34,35,36,37,38,39,40,41,42
0,0.014438873691826868,0.005622150783632487,0.0032409702442554025,-0.0009980190437960345,-0.005183894154513849,-0.0012106283654702119,0.0033832970131199343,0.003041749299341054,0.004460763962698444,0.0060187657350880795,0.00945713523273646,0.0033833320460725604,0.0048459571106810205,-0.0032631992812910283,0.0020796803669708547,0.009581772827677767,0.06529249934617491,0.0067995300260992025,0.0022800764522707736,0.018149900622806976,0.0005259557106527551,-0.0003945630054828846,0.012151406500355994,0.02217161091992361,0.008177046130493621,0.002980593886261287,0.009670479261510427,0.013234193729169669,-0.0014547579456236062,0.0007889462003359106,0.008325291674889428,0.0013837730919019882,0.006644968103877724,-0.0016216743356530076,0.011267407542382223,0.0008753451399783696,0.004180216834738375,0.002595746963928409,-0.0014638505249173082,0.00994606502721349,0.0026029155602629744,0.004421332037101831,-0.017261389213826323
1,0.005622150783632487,0.016889905576135303,-0.001912973470505161,0.00594347556054641,-0.005940984975246474,-5.671406323840745e-05,0.015570204757186328,0.004386646071847102,0.016613179401978928,0.004169998286657137,-0.0016961426984631602,0.015435425270304073,0.008552334537511046,-0.0013030301795098752,-0.0006914453292987047,0.0008398993361552145,0.2256391784810701,0.0029590010467652264,-0.00180893375648101,0.008294918081260838,0.007914826307676353,0.007686726489423078,0.059350452098400404,-0.04256820194257347,0.0016016435480578628,-0.000583703571505086,0.018047670464591742,0.008964061834403417,0.008515990034780038,0.0027782556431414523,-0.0034922307023264564,-0.004441408571657428,0.008888156559787683,-0.0003157361346748866,0.01161873025990547,-0.004157617226390167,0.004179264097662354,-0.0003324483413598318,0.005334409619381145,0.008423198936950902,-0.00034678555443633816,0.007196412826877767,-0.012135284254263766
2,0.0032409702442554025,-0.001912973470505161,0.008927403955203616,-0.0004695096324882094,-0.0031807866233350963,0.004366066216230544,0.002625942547298258,-1.2934423992926626e-05,0.0028473665986959,0.008678846045261784,0.020876561055291103,0.0025108886783251814,0.0055204205728285535,0.0038992471898306328,0.005046229326057663,0.008919566809516766,-0.009369364956262095,0.0057729704663229365,0.00749185933832812,0.010333062202522988,0.0006062866026028248,-0.0003413689708341145,-0.009926835737951053,0.027423774550531563,-0.0008731488675483499,0.0043285000519908004,0.003460667536882229,0.0045174924523299865,0.002901971569075315,0.004020699762620481,0.00560884357890838,0.013616086598054054,0.00726506474010861,0.0006913722930095847,0.0032055547014019623,0.0016340455742476884,0.0028051150101772717,0.007077809666744603,0.003083169805760717,-0.004507882530336849,0.0070985006840076185,0.004826799595971783,-0.0057930893520654345
3,-0.0009980190437960345,0.00594347556054641,-0.0004695096324882094,0.05112725726360757,0.012767032650176974,-0.015715472629856432,-0.013695340747969511,-0.006177604662515133,0.0021818911895899185,0.003113227221420688,-0.016168793467127938,-0.01397442515317099,-0.006022570862413748,0.006854511801474941,0.0020637133288967705,-0.005919544607503049,0.020770534218622495,0.010041043026237602,-0.0009075177859482313,0.021980025920034098,0.0006326590246905248,0.008072689082905789,-0.02016495701475365,-0.03941669202201222,-0.01070680577154751,-0.005229384116071487,0.01916616984087565,-0.0079578294715707,0.012130856017007077,-0.0023445720850622876,-0.010660605628005101,-0.001341360823436184,-0.003074031325166572,0.010104862398493352,0.003375152498478059,0.0004333001187232706,-0.0030365310543054797,-0.00458461635785628,-0.0015285441572461444,0.0358414463548514,-0.004591095464043987,-0.007416824838404145,-0.01680118450320161
4,-0.005183894154513849,-0.005940984975246474,-0.0031807866233350963,0.012767032650176974,0.10556951682992884,-0.016910186357426592,-0.006627647060359943,0.023169633945528602,-0.014737565844711593,-0.02968881825391785,-0.026390298088655974,-0.006367792848039648,0.0013847447409576705,0.011808406010079125,2.3701560361008854e-06,-0.010889359526679479,-0.11896735510303036,0.00616895499252972,-0.0178516303069536,-0.003748643005595641,0.0010054224727239665,0.0038885774301392704,0.004004017185701579,-0.10797643355447267,-0.006818761673596334,-0.016421741554948906,0.013636936264160085,-0.01032119827967854,0.004457822116223591,0.00021918512502545036,0.005863909406244931,-0.008582139248330048,0.002410973530288104,0.03272116920964884,0.0001002284117738302,0.012472674924318276,0.018328444780604834,0.005099176713317385,0.00030876448022152975,0.016687882881558782,0.005074876122757917,-0.005561013749744309,-0.010117227125929888
5,-0.0012106283654702119,-5.671406323840745e-05,0.004366066216230544,-0.015715472629856432,-0.016910186357426592,0.025602975509419618,0.012093986224063939,-0.0016122326553658492,0.0036687960971647795,0.01034917677405704,0.008678353931993734,0.011256497174170557,0.005660330020742043,0.000481830637197446,0.0076487023673933695,0.010053004215932701,0.07756934598241155,-0.0005308761547233107,0.014998294775249072,0.004848009668040719,0.003244147563604441,-0.003234291103925901,0.0395357941474207,-0.01989801568408091,0.0030443280936736207,0.007733494514668892,-0.0043733478086714385,-0.0010508891988364102,-0.002765927697317402,0.0023231668184937556,0.002825856469796378,0.015265812368927507,0.005536891160049588,-0.0017274065741340633,0.0018151780868881891,-0.0018793094581815754,0.0032419022253499384,0.015487379076527568,0.006901751663202242,-0.014813611744727898,0.015531735891816445,0.011811858866693054,0.030549503432117948
6,0.0033832970131199343,0.015570204757186328,0.002625942547298258,-0.013695340747969511,-0.006627647060359943,0.012093986224063939,0.06287536523963498,0.0001313739089640219,0.016477604245383044,0.012191104129714284,0.021135816908605862,0.061421608082516795,0.011828479381022054,0.0025276690991921672,0.006624361826606808,0.013497512616707391,0.11992383147284774,0.00248292800512784,-0.006642739513043308,-0.0015456273389593924,0.007336151562251629,0.0131200233553176,0.19708159103573275,-0.004010725918604365,-0.007347522844649353,-0.002890704227294761,0.010882841592053263,0.01700722728410025,0.008297084336965377,0.0038634759361184487,0.009065327024704545,0.030726731184765963,0.012150509665580215,0.0028585729962861094,0.01536909603901718,0.00020882251316018497,0.008295911049777971,-0.00020050336265020675,0.018908522129348022,-0.016121879291558755,-0.00018398193643271685,0.014328633716058923,-0.012746694424416494
7,0.003041749299341054,0.004386646071847102,-1.2934423992926626e-05,-0.006177604662515133,0.023169633945528602,-0.0016122326553658492,0.0001313739089640219,0.022386781321692376,-0.007550938828656055,-0.011677748389333272,-0.005728573815427858,0.0003016270276458396,0.014641518459681905,0.007176049957650281,0.0032743621321527955,-0.009845141716829355,-0.07884973815210387,0.0037371574899187645,-0.007018685024121705,0.00019265961641142069,0.004500685505641117,-0.004329862399180583,0.028686934431593373,0.01067641624641829,0.005736628579847572,-0.002458684935069943,-0.00034324855294872445,-0.0007741756552629795,-0.0004139815458037105,0.0074662744440804965,0.003807733143774185,-0.015084489864017501,0.006675108323580571,0.0015397227520776015,0.0014850349026957982,-0.0032410796947513125,0.0026398619891196203,0.010737855807964013,-0.004972504688836641,0.0003889940296595939,0.010722206572730309,0.004456998147268432,-0.007704305272232608
8,0.004460763962698444,0.016613179401978928,0.0028473665986959,0.0021818911895899185,-0.014737565844711593,0.0036687960971647795,0.016477604245383044,-0.007550938828656055,0.05400713495100942,-0.005105172551125743,0.0015738338106706096,0.01657373769442366,-0.004289938409964007,-0.004135514992919481,-0.003747809698450117,0.0008069075347551564,0.6191115132590264,0.008907042301237893,0.013165903283687943,0.016626780227043017,0.011532031194529184,0.008531268419132305,0.011975086412700986,0.021333529186360074,0.0027862663539005746,0.008008382614144847,0.034069431444366104,0.004649902316227226,0.013512242503897516,0.003871392216799471,-0.0016363570814016861,-0.015675413644154812,0.010554941862448913,-0.005329774680066467,0.014099782720549837,0.005218829280038428,0.022493152001732145,-0.0046288357494819405,0.012255307727741164,-0.003098110279612261,-0.00461855185351853,0.01199331089928055,-0.016453292613664565
9,0.0060187657350880795,0.004169998286657137,0.008678846045261784,0.003113227221420688,-0.02968881825391785,0.01034917677405704,0.012191104129714284,-0.011677748389333272,-0.005105172551125743,0.1258072999300321,0.029754165117424985,0.012267798282804467,0.0045520967046536786,-0.00831041641617204,0.004601854100916926,0.09214619262825191,-0.057631555441943406,0.014575713392498368,0.03768576961484759,0.008671452963662542,-0.006676387750768365,0.0032083419355402915,-0.025243745938043866,0.25734241244446765,-0.018120750291951964,0.03393964262826308,-0.00024410531226850152,0.02114330244562246,0.014694352583837372,0.011103626271571066,0.01937527259198517,0.15556453316064206,0.02756300669291801,0.018499237810921533,-0.002720705036874388,0.02067928072870011,-0.008551886343043378,-0.010730646332583632,0.0018662849080354326,-0.0078039506936200265,-0.010737724147334003,0.02795884794817836,0.006147921745213711
10,0.00945713523273646,-0.0016961426984631602,0.020876561055291103,-0.016168793467127938,-0.026390298088655974,0.008678353931993734,0.021135816908605862,-0.005728573815427858,0.0015738338106706096,0.029754165117424985,0.1034260441441773,0.020948760324823755,0.014737499975660916,0.007590063650701571,0.0008067322253208789,0.027180764461666444,-0.04133915794738252,0.0070319165550141605,0.014606035455096941,-0.0006206432394200497,-0.0013743172221082644,0.00041636909302886487,-0.01752480694395554,0.013868024738438876,-0.013718415486159445,0.0034310233646908084,0.0038510336323539446,0.03325220467900675,0.020679533620936958,0.004958522778561506,0.008985191775153221,0.03962949652019067,0.029088975806193254,-0.00477029229360766,0.008921603089423113,-0.007091997490954798,-0.0031413473844639785,-0.004085480437808441,0.011408866812612944,-0.017630010740345196,-0.004082679909154236,0.005423261365006599,-0.00731106081024733
11,0.0033833320460725604,0.015435425270304073,0.0025108886783251814,-0.01397442515317099,-0.006367792848039648,0.011256497174170557,0.061421608082516795,0.0003016270276458396,0.01657373769442366,0.012267798282804467,0.020948760324823755,0.06008697035672003,0.011759652394361171,0.0018982825673828788,0.0058902195321308025,0.013289458052106377,0.12165966314627671,0.0020961933430003687,-0.007127019524940078,-0.0019459335875019956,0.00720510261608764,0.013120220308463295,0.1912314531698285,-0.010230125388479382,-0.007335852564179705,-0.002778037358237221,0.010913597469054034,0.017219294404372188,0.008448193446734593,0.0036700736098267115,0.008557668082767917,0.029831592076298714,0.012041970781293702,0.0028010902165137128,0.014884040484820754,0.0005756329662632165,0.008267944308778306,-0.0006380234920134458,0.018379878789799336,-0.016532920471268447,-0.0006227581968177656,0.013896379234610744,-0.013851364405044177
12,0.0048459571106810205,0.008552334537511046,0.0055204205728285535,-0.006022570862413748,0.0013847447409576705,0.005660330020742043,0.011828479381022054,0.014641518459681905,-0.004289938409964007,0.0045520967046536786,0.014737499975660916,0.011759652394361171,0.027415637676890068,0.0032329915888837197,0.009241044288646277,-0.0015925252992393072,-0.03423608412403038,-0.0021913170779340367,-0.0031937494310985194,0.0036495687052753526,0.007398557936247987,0.007532710931092802,0.0544817830530727,0.031211557839295898,0.003621831456347114,-0.0007623322623352373,0.007803941648009889,0.011901300468899574,0.0032946527963138112,0.008791487788446966,0.004417576968250672,-0.000340203586478525,0.007204458911856836,-0.00341688186522652,0.009753745669514261,-0.009761829680395998,-0.003984393040807823,0.01813589454490676,0.006923267044202419,-0.003359806438461186,0.01814337384187514,0.011703870468175859,-0.01194961209189543
13,-0.0032631992812910283,-0.0013030301795098752,0.0038992471898306328,0.006854511801474941,0.011808406010079125,0.000481830637197446,0.0025276690991921672,0.007176049957650281,-0.004135514992919481,-0.00831041641617204,0.007590063650701571,0.0018982825673828788,0.0032329915888837197,0.01592588650461118,0.0049096238787060785,-0.005719101787696513,-0.10305304486655086,0.01010525734255387,0.005665525608147497,0.005379132255273934,0.002080275653571108,-0.002741447554885799,0.0156929522114565,0.06978792480003457,-0.0011333581551366402,-0.00246113754071986,-0.0009088314039622193,-0.007095721203765134,0.0008724446738438535,0.00832251610703425,0.003761127957596563,-0.0012643685660624093,0.004136734384208108,0.00521473157836504,0.0009414875836842904,-0.00039756129618652127,1.1858637153352279e-05,0.0038735627003263625,0.0008554021596575872,0.0021936757027808257,0.0038608911456923145,0.0018298456999043668,0.012771052289491857
14,0.0020796803669708547,-0.0006914453292987047,0.005046229326057663,0.0020637133288967705,2.3701560361008854e-06,0.0076487023673933695,0.006624361826606808,0.0032743621321527955,-0.003747809698450117,0.004601854100916926,0.0008067322253208789,0.0058902195321308025,0.009241044288646277,0.0049096238787060785,0.012689142378504601,0.0030746959805377744,-0.05226965076218195,0.002284804999433318,0.0058350344330536826,0.007354447316153004,0.001814716205981029,0.0008576274609069748,0.03713218699810281,0.12980232871600145,0.0018054754000462604,0.003890556275871507,0.00013632200864308126,-0.0019239925540677093,-0.0014678296947474548,0.005443065814320195,0.008389170341663152,0.010087272520267192,-0.00015303738092271253,-0.002375559040001632,0.0043226432601040235,0.002044564647089384,0.0012915670073059538,0.014392341700282252,0.0031779860149192853,-0.0003935406447191736,0.014422511581429766,0.00977469854558694,-0.003802566122716726
15,0.009581772827677767,0.0008398993361552145,0.008919566809516766,-0.005919544607503049,-0.010889359526679479,0.010053004215932701,0.013497512616707391,-0.009845141716829355,0.0008069075347551564,0.09214619262825191,0.027180764461666444,0.013289458052106377,-0.0015925252992393072,-0.005719101787696513,0.0030746959805377744,0.08423163150543336,0.0324366228426184,0.013094005988836614,0.03088112323485345,0.009034113479321504,-0.004929914528319871,-0.000530214282447826,-0.023632400743550226,0.13908775345332514,-0.004973958274961287,0.025118863359306888,0.0017328850003847172,0.018577046354258817,0.006202672529437634,0.007688416764572716,0.020880133786457405,0.1288104735196086,0.03033510792179051,0.022307472794924166,0.005044450327797185,0.02270787883027776,0.006540549073489661,-0.006542592759342071,0.004528699671715757,-0.0018319317809193,-0.006556663674171198,0.022857986641806768,0.006200054426329386
16,0.06529249934617491,0.2256391784810701,-0.009369364956262095,0.020770534218622495,-0.11896735510303036,0.07756934598241155,0.11992383147284774,-0.07884973815210387,0.6191115132590264,-0.057631555441943406,-0.04133915794738252,0.12165966314627671,-0.03423608412403038,-0.10305304486655086,-0.05226965076218195,0.0324366228426184,8.647880682871076,0.012873339111718196,0.1604939699374252,0.09853768185320652,0.15294329882386368,0.10354265567828512,0.014651267560157503,-0.3895319057048118,0.04969678251156692,0.08452828283253612,0.43288047349015535,0.06719221006295194,0.20607662366781979,0.0029815067405521306,-0.08561432396229117,-0.23688490107426985,0.16446210211068227,-0.06453179361970358,0.19779494032528863,0.0774640261591669,0.3106066750958001,-0.020182547078854484,0.14606415599610492,0.05505313594894958,-0.020173738379830292,0.16885777339919253,-0.15338425954035037
17,0.0067995300260992025,0.0029590010467652264,0.0057729704663229365,0.010041043026237602,0.00616895499252972,-0.0005308761547233107,0.00248292800512784,0.0037371574899187645,0.008907042301237893,0.014575713392498368,0.0070319165550141605,0.0020961933430003687,-0.0021913170779340367,0.01010525734255387,0.002284804999433318,0.013094005988836614,0.012873339111718196,0.02722867238707058,0.02037781192530976,0.03320604297179697,-8.417272381757743e-05,-0.0025503832557544305,-0.0028340265444310756,0.15963185515177075,6.458721653941073e-05,0.00823724182059584,0.013933078140431635,0.002759114714077454,-0.0011402793155626764,0.01050768317037783,0.016322425092847107,0.020580061666024944,0.006782589503073366,0.009932518774881069,0.005754991553297285,0.0008804394690012646,0.0010338349012324667,-0.0038197939932257366,-0.00049871467398945,0.007799612547224775,-0.0038173855389867987,0.006852308596415844,0.010861949205784052
18,0.0022800764522707736,-0.00180893375648101,0.00749185933832812,-0.0009075177859482313,-0.0178516303069536,0.014998294775249072,-0.006642739513043308,-0.007018685024121705,0.013165903283687943,0.03768576961484759,0.014606035455096941,-0.007127019524940078,-0.0031937494310985194,0.005665525608147497,0.0058350344330536826,0.03088112323485345,0.1604939699374252,0.02037781192530976,0.0452848032587564,0.022958949989250233,-7.718274895388366e-05,-0.0033461583381170865,-0.05902486213760667,0.32197016370813547,0.0011121108489515865,0.021834501101284785,0.009640173790498032,0.0004270889548484487,-0.0003701307823490757,0.013956389080188664,0.01843729533472065,0.044142924252090404,0.00791047178884306,0.0037809944593666382,0.003670196842209895,0.007493024612478477,0.0008293751857827896,0.0004042962826853837,0.004486021109536807,-0.0032938481646726608,0.00041501668779351283,0.019960621676066072,0.04067603960713287
19,0.018149900622806976,0.008294918081260838,0.010333062202522988,0.021980025920034098,-0.003748643005595641,0.004848009668040719,-0.0015456273389593924,0.00019265961641142069,0.016626780227043017,0.008671452963662542,-0.0006206432394200497,-0.0019459335875019956,0.0036495687052753526,0.005379132255273934,0.007354447316153004,0.009034113479321504,0.09853768185320652,0.03320604297179697,0.022958949989250233,0.07651063887595924,0.002789995543594993,0.005454934945404981,0.01538372125419848,-0.00505421922569323,0.012318370552775716,0.007845615046799663,0.0320446691751902,0.00955092787985978,-0.011131112370089074,0.007706003337300743,0.015450743936896895,-0.0005128692840158605,-0.00021144359770367075,0.01333348302300552,0.02041199313382189,0.00025982086614182375,0.002377533190659223,0.01265035610359839,0.0031925647441664036,0.02066010743390778,0.012708460285995577,0.007720046796664287,0.009545675867501614
20,0.0005259557106527551,0.007914826307676353,0.0006062866026028248,0.0006326590246905248,0.0010054224727239665,0.003244147563604441,0.007336151562251629,0.004500685505641117,0.011532031194529184,-0.006676387750768365,-0.0013743172221082644,0.00720510261608764,0.007398557936247987,0.002080275653571108,0.001814716205981029,-0.004929914528319871,0.15294329882386368,-8.417272381757743e-05,-7.718274895388366e-05,0.002789995543594993,0.006881222921353373,0.004189614325119137,0.027626829343581936,-0.024378178492506963,0.0034904983655687496,-0.0009993327368607178,0.010160277813048983,0.0008157053226557516,0.0040739245999558546,0.0034971650840876513,-0.002544304157135671,-0.011042997359844934,0.004995105496281073,-0.0008014397048082305,0.006575156919084445,-0.002621580833163308,0.005521674432550269,0.006129492724748856,0.005354814563905291,0.0011767414117394505,0.0061268131886276665,0.005592480096463962,-0.002424424748126322
21,-0.0003945630054828846,0.007686726489423078,-0.0003413689708341145,0.008072689082905789,0.0038885774301392704,-0.003234291103925901,0.0131200233553176,-0.004329862399180583,0.008531268419132305,0.0032083419355402915,0.00041636909302886487,0.013120220308463295,0.007532710931092802,-0.002741447554885799,0.0008576274609069748,-0.000530214282447826,0.10354265567828512,-0.0025503832557544305,-0.0033461583381170865,0.005454934945404981,0.004189614325119137,0.017275014300718542,0.04287502190180444,-0.018603065120234286,-0.003777450826373455,-0.004482454148487979,0.018150013638314384,0.009155213732212219,0.00411092201171246,0.0006880054124596088,-0.0009314852896898926,0.0013389321553400376,-0.00397647060467196,0.004690241256010144,0.01004847311056567,-0.0007824958567532434,-0.0014232523080728039,-0.0001913945211176023,0.012342327372454298,0.003077675012882525,-0.00018955039791664674,0.003770931327179518,-0.007225606516914889
22,0.012151406500355994,0.059350452098400404,-0.009926835737951053,-0.02016495701475365,0.004004017185701579,0.0395357941474207,0.19708159103573275,0.028686934431593373,0.011975086412700986,-0.025243745938043866,-0.01752480694395554,0.1912314531698285,0.0544817830530727,0.0156929522114565,0.03713218699810281,-0.023632400743550226,0.014651267560157503,-0.0028340265444310756,-0.05902486213760667,0.01538372125419848,0.027626829343581936,0.04287502190180444,0.8309598081827806,-0.27648606895143735,-0.007738759186068524,-0.03355847423742713,0.02226108342615228,0.02975942675128005,0.0024784355039466797,0.005502744638650177,0.010197670266622327,0.001158376243772966,0.004395880452702718,0.0069849973125708405,0.054988655999725196,-0.0025208780315878806,0.01584675446111351,0.03408386525685274,0.045004692049458866,-0.023520674194580184,0.034175780766359395,0.03723343040797323,-0.03579138698924925
23,0.02217161091992361,-0.04256820194257347,0.027423774550531563,-0.03941669202201222,-0.10797643355447267,-0.01989801568408091,-0.004010725918604365,0.01067641624641829,0.021333529186360074,0.25734241244446765,0.013868024738438876,-0.010230125388479382,0.031211557839295898,0.06978792480003457,0.12980232871600145,0.13908775345332514,-0.3895319057048118,0.15963185515177075,0.32197016370813547,-0.00505421922569323,-0.024378178492506963,-0.018603065120234286,-0.27648606895143735,7.599344151141781,0.006876282525707132,0.1998018323516023,0.008129027224221297,-0.011734184031128882,-0.03742757113600746,0.20380947672167898,0.34792823804593914,0.3324030003996276,-0.0789665593562513,-0.14487481284327183,-0.007924960108417582,0.018036183870075377,-0.09037221783113468,-0.0667949404965335,0.0012875454464453913,-0.04342615094154324,-0.06689196990820961,0.2150654265638471,0.04304344640553309
24,0.008177046130493621,0.0016016435480578628,-0.0008731488675483499,-0.01070680577154751,-0.006818761673596334,0.0030443280936736207,-0.007347522844649353,0.005736628579847572,0.0027862663539005746,-0.018120750291951964,-0.013718415486159445,-0.007335852564179705,0.003621831456347114,-0.0011333581551366402,0.0018054754000462604,-0.004973958274961287,0.04969678251156692,6.458721653941073e-05,0.0011121108489515865,0.012318370552775716,0.0034904983655687496,-0.003777450826373455,-0.007738759186068524,0.006876282525707132,0.024029361116246116,7.995581156374712e-05,-0.00011289881243395959,-0.0003085508681440311,-0.017269381605336236,0.0031111945096588154,0.005327756399520181,-0.025548383623790073,-0.002202359656943146,-0.003935359398288883,0.008659471904229566,-0.003642289315244279,0.0033289750170792443,0.010757118057145888,-0.0017850017372813705,0.0071789134117509245,0.010752360532126519,0.002285454789286209,0.008070359895348598
25,0.002980593886261287,-0.000583703571505086,0.0043285000519908004,-0.005229384116071487,-0.016421741554948906,0.007733494514668892,-0.002890704227294761,-0.002458684935069943,0.008008382614144847,0.03393964262826308,0.0034310233646908084,-0.002778037358237221,-0.0007623322623352373,-0.00246113754071986,0.003890556275871507,0.025118863359306888,0.08452828283253612,0.00823724182059584,0.021834501101284785,0.007845615046799663,-0.0009993327368607178,-0.004482454148487979,-0.03355847423742713,0.1998018323516023,7.995581156374712e-05,0.018323335626379913,-0.0002137724248030434,0.0006051841083025552,0.0015861758264439476,0.007294645422206423,0.010701107598287922,0.03739176759481637,0.006612203047187857,-0.0016362453653887192,-0.002271946678051348,0.01078708297424777,0.002924163875432784,0.0008910087620939716,-0.0022880672817621474,-0.009199398695090554,0.0009051936801500599,0.014183005998426465,0.0044578119969375255
26,0.009670479261510427,0.018047670464591742,0.003460667536882229,0.01916616984087565,0.013636936264160085,-0.0043733478086714385,0.010882841592053263,-0.00034324855294872445,0.034069431444366104,-0.00024410531226850152,0.0038510336323539446,0.010913597469054034,0.007803941648009889,-0.0009088314039622193,0.00013632200864308126,0.0017328850003847172,0.43288047349015535,0.013933078140431635,0.009640173790498032,0.0320446691751902,0.010160277813048983,0.018150013638314384,0.02226108342615228,0.008129027224221297,-0.00011289881243395959,-0.0002137724248030434,0.04666343182826324,0.0151226909956955,0.012662604279081289,0.004824233092345844,0.00394190277381733,-0.009894934884559071,0.007713832801462036,0.007515829612559535,0.022631248533192063,-0.002798225476305518,0.011828704859770863,0.00032517202715457864,0.015072902845441244,0.01915571558943339,0.0003297135237484197,0.010285247316332938,-0.017277273726338888
27,0.013234193729169669,0.008964061834403417,0.0045174924523299865,-0.0079578294715707,-0.01032119827967854,-0.0010508891988364102,0.01700722728410025,-0.0007741756552629795,0.004649902316227226,0.02114330244562246,0.03325220467900675,0.017219294404372188,0.011901300468899574,-0.007095721203765134,-0.0019239925540677093,0.018577046354258817,0.06719221006295194,0.002759114714077454,0.0004270889548484487,0.00955092787985978,0.0008157053226557516,0.009155213732212219,0.02975942675128005,-0.011734184031128882,-0.0003085508681440311,0.0006051841083025552,0.0151226909956955,0.028472603698783745,0.005073640734769674,0.0005242717380244023,0.008442748349669562,0.019825389001551886,0.010734140302512582,0.00025316643864605577,0.013985124829319198,-0.006532278587989068,-0.0030409041878091294,-0.004233614312419231,0.007733055974135528,0.002001371669941866,-0.004237753486895324,0.005458029057984623,-0.01690573774468347
28,-0.0014547579456236062,0.008515990034780038,0.002901971569075315,0.012130856017007077,0.004457822116223591,-0.002765927697317402,0.008297084336965377,-0.0004139815458037105,0.013512242503897516,0.014694352583837372,0.020679533620936958,0.008448193446734593,0.0032946527963138112,0.0008724446738438535,-0.0014678296947474548,0.006202672529437634,0.20607662366781979,-0.0011402793155626764,-0.0003701307823490757,-0.011131112370089074,0.0040739245999558546,0.00411092201171246,0.0024784355039466797,-0.03742757113600746,-0.017269381605336236,0.0015861758264439476,0.012662604279081289,0.005073640734769674,0.02745098106358275,-0.0008639778454127774,-0.00956616484869241,0.013210673427887476,0.01618564939483183,-0.00021677772404167972,0.0005248387537290357,0.005770743742311567,0.009085230966063826,-0.0058344640917205965,0.003134065464074212,0.0006027408962501316,-0.005844614162784651,0.00436592949487129,-0.02542009898756052
29,0.0007889462003359106,0.0027782556431414523,0.004020699762620481,-0.0023445720850622876,0.00021918512502545036,0.0023231668184937556,0.0038634759361184487,0.0074662744440804965,0.003871392216799471,0.011103626271571066,0.004958522778561506,0.0036700736098267115,0.008791487788446966,0.00832251610703425,0.005443065814320195,0.007688416764572716,0.0029815067405521306,0.01050768317037783,0.013956389080188664,0.007706003337300743,0.0034971650840876513,0.0006880054124596088,0.005502744638650177,0.20380947672167898,0.0031111945096588154,0.007294645422206423,0.004824233092345844,0.0005242717380244023,-0.0008639778454127774,0.013234093411248362,0.01171007923647023,0.015032017211829575,0.005251937403302918,0.0013320742405207935,0.0037401882124357597,0.000766875298235338,-0.0008447270709841063,0.00410719669761162,0.0027899270353853394,-0.0038202057423925443,0.004094788163997427,0.012194144304411259,0.007786244971927092
30,0.008325291674889428,-0.0034922307023264564,0.00560884357890838,-0.010660605628005101,0.005863909406244931,0.002825856469796378,0.009065327024704545,0.003807733143774185,-0.0016363570814016861,0.01937527259198517,0.008985191775153221,0.008557668082767917,0.004417576968250672,0.003761127957596563,0.008389170341663152,0.020880133786457405,-0.08561432396229117,0.016322425092847107,0.01843729533472065,0.015450743936896895,-0.002544304157135671,-0.0009314852896898926,0.010197670266622327,0.34792823804593914,0.005327756399520181,0.010701107598287922,0.00394190277381733,0.008442748349669562,-0.00956616484869241,0.01171007923647023,0.029703505774560025,0.034478440352987826,0.0008407309480497533,0.0024968656554771556,0.006024676993363164,0.0013529766619986457,-0.0014333563544535785,0.0009730024060990864,0.003036468159947701,-0.0028598868842273713,0.0009837838173117547,0.01350098647732476,0.005356368284224186
31,0.0013837730919019882,-0.004441408571657428,0.013616086598054054,-0.001341360823436184,-0.008582139248330048,0.015265812368927507,0.030726731184765963,-0.015084489864017501,-0.015675413644154812,0.15556453316064206,0.03962949652019067,0.029831592076298714,-0.000340203586478525,-0.0012643685660624093,0.010087272520267192,0.1288104735196086,-0.23688490107426985,0.020580061666024944,0.044142924252090404,-0.0005128692840158605,-0.011042997359844934,0.0013389321553400376,0.001158376243772966,0.3324030003996276,-0.025548383623790073,0.03739176759481637,-0.009894934884559071,0.019825389001551886,0.013210673427887476,0.015032017211829575,0.034478440352987826,0.22841254020053428,0.03994198045370648,0.03755369752899495,-0.005253347309237204,0.02858605013372412,-0.004033387596194685,-0.012855083551882203,0.00877969540806317,-0.012499282466517372,-0.012870146311549579,0.033828990812014514,0.015076022380865977
32,0.006644968103877724,0.008888156559787683,0.00726506474010861,-0.003074031325166572,0.002410973530288104,0.005536891160049588,0.012150509665580215,0.006675108323580571,0.010554941862448913,0.02756300669291801,0.029088975806193254,0.012041970781293702,0.007204458911856836,0.004136734384208108,-0.00015303738092271253,0.03033510792179051,0.16446210211068227,0.006782589503073366,0.00791047178884306,-0.00021144359770367075,0.004995105496281073,-0.00397647060467196,0.004395880452702718,-0.0789665593562513,-0.002202359656943146,0.006612203047187857,0.007713832801462036,0.010734140302512582,0.01618564939483183,0.005251937403302918,0.0008407309480497533,0.03994198045370648,0.03203675749432287,0.008554849842359465,0.007102407203057519,0.005353807468928486,0.013708977235525131,0.001627241043171401,0.0025995932203502097,0.0018122111437148371,0.0016011268634907,0.01098818281605377,-0.011304490087884879
33,-0.0016216743356530076,-0.0003157361346748866,0.0006913722930095847,0.010104862398493352,0.03272116920964884,-0.0017274065741340633,0.0028585729962861094,0.0015397227520776015,-0.005329774680066467,0.018499237810921533,-0.00477029229360766,0.0028010902165137128,-0.00341688186522652,0.00521473157836504,-0.002375559040001632,0.022307472794924166,-0.06453179361970358,0.009932518774881069,0.0037809944593666382,0.01333348302300552,-0.0008014397048082305,0.004690241256010144,0.0069849973125708405,-0.14487481284327183,-0.003935359398288883,-0.0016362453653887192,0.007515829612559535,0.00025316643864605577,-0.00021677772404167972,0.0013320742405207935,0.0024968656554771556,0.03755369752899495,0.008554849842359465,0.028727670428635187,0.00297888863140773,0.012038332121742067,0.005472946224084596,-0.0016001008917688887,0.00366254023950967,0.008379610883789693,-0.0016160021679346606,0.0009281953382856787,0.017832044609273148
34,0.011267407542382223,0.01161873025990547,0.0032055547014019623,0.003375152498478059,0.0001002284117738302,0.0018151780868881891,0.01536909603901718,0.0014850349026957982,0.014099782720549837,-0.002720705036874388,0.008921603089423113,0.014884040484820754,0.009753745669514261,0.0009414875836842904,0.0043226432601040235,0.005044450327797185,0.19779494032528863,0.005754991553297285,0.003670196842209895,0.02041199313382189,0.006575156919084445,0.01004847311056567,0.054988655999725196,-0.007924960108417582,0.008659471904229566,-0.002271946678051348,0.022631248533192063,0.013985124829319198,0.0005248387537290357,0.0037401882124357597,0.006024676993363164,-0.005253347309237204,0.007102407203057519,0.00297888863140773,0.02088513329435252,-0.0008473449216730358,0.007568955950533832,0.0065518258551584,0.010519099271640854,0.012810085189893593,0.00655260901263767,0.009035392517400659,-0.00864416890388288
35,0.0008753451399783696,-0.004157617226390167,0.0016340455742476884,0.0004333001187232706,0.012472674924318276,-0.0018793094581815754,0.00020882251316018497,-0.0032410796947513125,0.005218829280038428,0.02067928072870011,-0.007091997490954798,0.0005756329662632165,-0.009761829680395998,-0.00039756129618652127,0.002044564647089384,0.02270787883027776,0.0774640261591669,0.0008804394690012646,0.007493024612478477,0.00025982086614182375,-0.002621580833163308,-0.0007824958567532434,-0.0025208780315878806,0.018036183870075377,-0.003642289315244279,0.01078708297424777,-0.002798225476305518,-0.006532278587989068,0.005770743742311567,0.000766875298235338,0.0013529766619986457,0.02858605013372412,0.005353807468928486,0.012038332121742067,-0.0008473449216730358,0.04681929692967114,0.021883185761548938,-0.0007801567195577658,-0.005088517511772858,-0.01131616617699579,-0.0007745040131148129,0.010582761877937196,-0.010984874283580097
36,0.004180216834738375,0.004179264097662354,0.0028051150101772717,-0.0030365310543054797,0.018328444780604834,0.0032419022253499384,0.008295911049777971,0.0026398619891196203,0.022493152001732145,-0.008551886343043378,-0.0031413473844639785,0.008267944308778306,-0.003984393040807823,1.1858637153352279e-05,0.0012915670073059538,0.006540549073489661,0.3106066750958001,0.0010338349012324667,0.0008293751857827896,0.002377533190659223,0.005521674432550269,-0.0014232523080728039,0.01584675446111351,-0.09037221783113468,0.0033289750170792443,0.002924163875432784,0.011828704859770863,-0.0030409041878091294,0.009085230966063826,-0.0008447270709841063,-0.0014333563544535785,-0.004033387596194685,0.013708977235525131,0.005472946224084596,0.007568955950533832,0.021883185761548938,0.028887463138640657,0.006023034250574645,0.002404527848668036,-0.0021156966939666487,0.006033506431783535,0.008085276537687482,-0.01935596770210377
37,0.002595746963928409,-0.0003324483413598318,0.007077809666744603,-0.00458461635785628,0.005099176713317385,0.015487379076527568,-0.00020050336265020675,0.010737855807964013,-0.0046288357494819405,-0.010730646332583632,-0.004085480437808441,-0.0006380234920134458,0.01813589454490676,0.0038735627003263625,0.014392341700282252,-0.006542592759342071,-0.020182547078854484,-0.0038197939932257366,0.0004042962826853837,0.01265035610359839,0.006129492724748856,-0.0001913945211176023,0.03408386525685274,-0.0667949404965335,0.010757118057145888,0.0008910087620939716,0.00032517202715457864,-0.004233614312419231,-0.0058344640917205965,0.00410719669761162,0.0009730024060990864,-0.012855083551882203,0.001627241043171401,-0.0016001008917688887,0.0065518258551584,-0.0007801567195577658,0.006023034250574645,0.03189270489527763,0.003709798741416616,-0.003352412739582363,0.03194326485889118,0.009652885838121582,3.9054428533289294e-05
38,-0.0014638505249173082,0.005334409619381145,0.003083169805760717,-0.0015285441572461444,0.00030876448022152975,0.006901751663202242,0.018908522129348022,-0.004972504688836641,0.012255307727741164,0.0018662849080354326,0.011408866812612944,0.018379878789799336,0.006923267044202419,0.0008554021596575872,0.0031779860149192853,0.004528699671715757,0.14606415599610492,-0.00049871467398945,0.004486021109536807,0.0031925647441664036,0.005354814563905291,0.012342327372454298,0.045004692049458866,0.0012875454464453913,-0.0017850017372813705,-0.0022880672817621474,0.015072902845441244,0.007733055974135528,0.003134065464074212,0.0027899270353853394,0.003036468159947701,0.00877969540806317,0.0025995932203502097,0.00366254023950967,0.010519099271640854,-0.005088517511772858,0.002404527848668036,0.003709798741416616,0.016126140192884865,-0.002717733006562541,0.0037190773404847163,0.007195668204407286,0.00634757263637186
39,0.00994606502721349,0.008423198936950902,-0.004507882530336849,0.0358414463548514,0.016687882881558782,-0.014813611744727898,-0.016121879291558755,0.0003889940296595939,-0.003098110279612261,-0.0078039506936200265,-0.017630010740345196,-0.016532920471268447,-0.003359806438461186,0.0021936757027808257,-0.0003935406447191736,-0.0018319317809193,0.05505313594894958,0.007799612547224775,-0.0032938481646726608,0.02066010743390778,0.0011767414117394505,0.003077675012882525,-0.023520674194580184,-0.04342615094154324,0.0071789134117509245,-0.009199398695090554,0.01915571558943339,0.002001371669941866,0.0006027408962501316,-0.0038202057423925443,-0.0028598868842273713,-0.012499282466517372,0.0018122111437148371,0.008379610883789693,0.012810085189893593,-0.01131616617699579,-0.0021156966939666487,-0.003352412739582363,-0.002717733006562541,0.05059453143038879,-0.0033872937629114163,-0.007863301434764105,-0.010126566397016005
40,0.0026029155602629744,-0.00034678555443633816,0.0070985006840076185,-0.004591095464043987,0.005074876122757917,0.015531735891816445,-0.00018398193643271685,0.010722206572730309,-0.00461855185351853,-0.010737724147334003,-0.004082679909154236,-0.0006227581968177656,0.01814337384187514,0.0038608911456923145,0.014422511581429766,-0.006556663674171198,-0.020173738379830292,-0.0038173855389867987,0.00041501668779351283,0.012708460285995577,0.0061268131886276665,-0.00018955039791664674,0.034175780766359395,-0.06689196990820961,0.010752360532126519,0.0009051936801500599,0.0003297135237484197,-0.004237753486895324,-0.005844614162784651,0.004094788163997427,0.0009837838173117547,-0.012870146311549579,0.0016011268634907,-0.0016160021679346606,0.00655260901263767,-0.0007745040131148129,0.006033506431783535,0.03194326485889118,0.0037190773404847163,-0.0033872937629114163,0.03199409937820735,0.009662801124445517,2.8041463858460687e-05
41,0.004421332037101831,0.007196412826877767,0.004826799595971783,-0.007416824838404145,-0.005561013749744309,0.011811858866693054,0.014328633716058923,0.004456998147268432,0.01199331089928055,0.02795884794817836,0.005423261365006599,0.013896379234610744,0.011703870468175859,0.0018298456999043668,0.00977469854558694,0.022857986641806768,0.16885777339919253,0.006852308596415844,0.019960621676066072,0.007720046796664287,0.005592480096463962,0.003770931327179518,0.03723343040797323,0.2150654265638471,0.002285454789286209,0.014183005998426465,0.010285247316332938,0.005458029057984623,0.00436592949487129,0.012194144304411259,0.01350098647732476,0.033828990812014514,0.01098818281605377,0.0009281953382856787,0.009035392517400659,0.010582761877937196,0.008085276537687482,0.009652885838121582,0.007195668204407286,-0.007863301434764105,0.009662801124445517,0.02341793124547301,0.0026545781880005946
42,-0.017261389213826323,-0.012135284254263766,-0.0057930893520654345,-0.01680118450320161,-0.010117227125929888,0.030549503432117948,-0.012746694424416494,-0.007704305272232608,-0.016453292613664565,0.006147921745213711,-0.00731106081024733,-0.013851364405044177,-0.01194961209189543,0.012771052289491857,-0.003802566122716726,0.006200054426329386,-0.15338425954035037,0.010861949205784052,0.04067603960713287,0.009545675867501614,-0.002424424748126322,-0.007225606516914889,-0.03579138698924925,0.04304344640553309,0.008070359895348598,0.0044578119969375255,-0.017277273726338888,-0.01690573774468347,-0.02542009898756052,0.007786244971927092,0.005356368284224186,0.015076022380865977,-0.011304490087884879,0.017832044609273148,-0.00864416890388288,-0.010984874283580097,-0.01935596770210377,3.9054428533289294e-05,0.00634757263637186,-0.010126566397016005,2.8041463858460687e-05,0.0026545781880005946,0.14068837910274395
